a0	a1	a2	a3	a4	a5	i	j
21	68	-10	85	-36	12	0	1,2,3,4,5
-36	68	21	85	-10	12	1	2,3,4,5
-36	-10	68	85	21	12	2	3,4,5
-36	-10	12	21	85	68	3	4,5
-36	-10	12	21	68	85	4	5

for (int i = 0; i < n-1; i++)
    for (j=i+1; j < n; j++)
	if (a[i] > a[j])
	{
	temp = a[i];
	a[i] = a[j];
	a[j] = temp;
	
	}
--------------------------------------------------------------------
a0	a1	a2	a3	a4	a5	a6	i	j
100	79	150	-60	-80	65	0	0	1,2,3,4,5,6
-80	100	150	79	-60	65	0	1	2,3,4,5,6
-80	-60	150	100	79	65	0	2	3,4,5,6	
-80	-60	0	150	100	79	65	3	4,5,6
-80	-60	0	65	150	100	79	4	5,6
-80	-60	0	65	79	150	100	5	6
-80	-60	0	65	79	100	150	
